# body={
#     "data": 
#     {"obj": 
#         {"acc": 92.97, 
#         "afkDuration": 0, 
#         "allChars": 178, 
#         "bailedOut": False, 
#         "blindMode": False, 
#         "chartData": 
#             {"err": [0, 2, 0, 0, 0, 0, 1, 0, 0, 0, 2, 0, 2, 2, 0], 
#             "raw": [120, 108, 112, 104, 120, 104, 104, 96, 100, 92, 96, 100, 108, 92, 90], 
#             "wpm": [48, 102, 88, 102, 91, 108, 99, 99, 103, 98, 95, 95, 91, 89, 87]}, 
#             "consistency": 81.41, 
#             "correctChars": 178, 
#             "customText": None, 
#             "difficulty": "normal",
#              "funbox": "none", 
#              "incompleteTestSeconds": 0, 
#              "incorrectChars": 0,
#               "keyConsistency": 39.77, 
#               "keyDuration": [29.495000000679283, 32.349999999496504, 59.69499999991967, 20.845000000917935, 63.1150000008347, 74.98500000110653, 72.00000000011642, 44.17499999908614, 100.7000000008702, 75.46999999976833, 76.83499999984633, 27.734999999665888, 71.31499999923108, 24.34000000175729, 19.08999999977823, 12.559999999211868, 75.45500000014727, 3.284999998868443, 27.974999999059946, 45.59499999959371, 52.41500000011001, 60.03499999860651, 18.909999998868443, 32.36000000106287, 67.7800000012212, 18.844999998691492, 60.82000000060361, 30.709999999089632, 6.8400000000110595, 23.024999998597195, 23.36500000092201, 100.05000000091968, 42.19499999999243, 20.480000001043663, 6.869999999253196, 47.805000000153086, 16.465000000607688, 73.78500000049826, 111.84499999944819, 74.10499999969034, 51.870000001144945, 2.304999999978463, 64.66499999987718, 42.98999999991793, 44.504999999844586, 65.0100000002567, 68.67999999849417, 39.314999999987776, 53.13000000023749, 41.45499999867752, 2.140000000508735, 44.68499999893538, 36.29500000170083, 88.55000000039581, 31.455000000278233, 8.240000001023873, 28.039999999236898, 31.78500000103668, 56.10999999953492, 43.47499999857973, 1.7650000008870848, 7.235000000946457, 72.42500000029395, 98.52000000137195, 80.24000000114029, 54.45999999938067, 71.55500000044412, 1.7499999994470272, 71.3900000009744, 79.34500000010303, 12.62000000133412, 47.749999999723514, 90.2700000006007, 4.670000000260188, 41.99999999946158, 15.105000000403379, 42.98999999991793, 30.12500000113505, 85.13499999935448, 72.38499999948544, 35.115000000587315, 37.150000000110595, 51.61500000031083, 16.569999999774154, 62.81000000126369, 83.87500000026193, 11.129999998956919, 46.089999999821885, 9.860000000116997, 31.150000000707223, 46.32499999934225, 59.84499999976833, 20.985000001019216, 39.170000000012806, 57.37500000032014, 62.81000000126369, 28.874999999970896, 44.33000000062748, 13.21500000085507, 43.63000000012107, 12.215000000651344, 103.9199999995617, 87.17499999875145, 5.515000000741566, 37.85500000049069, 28.32999999918684, 38.85499999887543, 28.205000000525615, 83.08000000033644, 72.87999999971362, 31.525000000328873, 15.685000000303262, 51.95500000081665, 55.08000000008906, 27.074999999967986, 51.59500000081607, 35.36999999960244, 51.97500000031141, 64.89999999939755, 6.98499999998603, 40.06499999923108, 22.179999999934807, 85.26500000152737, 43.540000000575674, 66.25499999972817, 30.775000001085573, 18.579999999928987, 95.41999999964901, 21.735000000262517, 72.64000000031956], "keySpacing": [111.2249999987398, 101.79500000049302, 73.88499999979103, 150.3900000006979, 142.85000000018044, 79.26500000030501, 68.74499999867112, 182.040000001507, 185.97999999838066, 106.65500000141037, 43.73999999916123, 163.03999999945518, 83.87500000026193, 52.405000000362634, 39.389999999912106, 132.55500000013853, 43.525000000954606, 146.40499999950407, 51.33000000023458, 222.39999999874271, 97.83500000048662, 83.01500000015949, 104.16000000077474, 112.9449999989447, 28.70500000062748, 171.7449999996461, 106.20999999991909, 40.06499999923108, 103.22500000074797, 104.85999999946216, 111.63500000111526, 155.01000000040221, 84.26499999950465, 70.93499999973574, 136.7049999989831, 15.765000000101281, 143.71500000015658, 95.91999999975087, 113.39500000030966, 108.47500000090804, 92.01500000017404, 122.91000000004715, 128.52999999995518, 88.06000000004133, 144.5850000000064, 134.65999999971245, 75.73500000034983, 56.66500000006636, 53.71500000001106, 193.86999999915133, 43.51499999938824, 40.010000000620494, 159.45000000101572, 203.37999999901513, 35.62500000043656, 43.81999999895925, 138.35000000108266, 63.55499999881431, 162.20000000066648, 78.67000000078406, 76.34499999949185, 104.51499999908265, 188.26500000068336, 179.21500000011292, 336.06499999950756, 66.60999999985506, 81.71500000025844, 82.4350000002596, 52.110000000539, 115.99999999998545, 107.64500000004773, 130.6349999995291, 156.65500000068278, 61.555000000225846, 63.6899999990419, 106.46000000087952, 72.06999999834807, 136.56000000082713, 109.22000000027765, 181.88999999983935, 93.76999999949476, 84.41000000129861, 53.374999999505235, 158.4000000002561, 137.1999999992113, 119.12499999925785, 58.98000000161119, 47.509999998510466, 172.1350000007078, 74.95999999991909, 450.05999999921187, 47.85000000083528, 146.28000000084285, 54.569999998420826, 131.87000000107219, 128.06499999896914, 95.81000000071072, 318.25000000026193, 75.51500000045053, 46.539999999367865, 139.73500000065542, 169.1899999987072, 164.42500000084692, 50.80499999894528, 55.915000000823056, 120.97999999969034, 50.41499999970256, 360.5700000007346, 94.60000000035507, 84.76499999960652, 99.93000000031316, 141.1100000004808, 97.89999999884458, 112.26499999975204, 108.7550000011106, 91.1099999993894, 59.755000000222935, 250.84500000048138, 153.519999999844, 67.92499999937718, 36.014999999679276, 154.12000000105763, 127.55999999899359, 47.440000000278815, 146.4849999993021, 82.3049999999057, 140.16500000070664, 404.4100000010076, 104.95499999888125, 110.21500000060769, 40.160000000469154], 
#               "language": "english", 
#               "mode": "time", 
#               "mode2": 15, 
#               "numbers": False, 
#               "punctuation": False, 
#               "quoteLength": -1, 
#               "rawWpm": 142.3, 
#               "restartCount": 0, 
#               "tags": [], 
#               "testDuration": 15.000620000000708, 
#               "theme": "iceberg_light", 
#               "timestamp": 1622077356536, 
#               "uid": "Sq9on6ebXRW6y2KOkGfEedc5FB62", 
#               "wpm": 141.5}, 
#               "uid": "Sq9on6ebXRW6y2KOkGfEedc5FB62"}}
